CR(20, 4, 6)

dest: 0
0 
0 
0 
0 
0 
0 

dest: 1
0 1 
0 4 3 2 1 
0 6 5 1 
0 19 18 17 1 
0 16 15 1 
0 14 8 7 1 

dest: 2
0 1 2 
0 4 3 2 
0 6 2 
0 19 18 2 
0 16 2 
0 14 8 2 

dest: 3
0 1 2 3 
0 4 3 
0 6 7 3 
0 19 3 
0 16 17 3 
0 14 10 9 3 

dest: 4
0 1 2 3 4 
0 4 
0 6 5 4 
0 19 18 4 
0 16 10 4 
0 14 8 4 

dest: 5
0 1 5 
0 4 5 
0 6 5 
0 19 5 
0 16 15 9 5 
0 14 13 12 11 5 

dest: 6
0 1 2 6 
0 4 5 6 
0 6 
0 19 18 12 6 
0 16 10 6 
0 14 8 7 6 

dest: 7
0 1 7 
0 4 3 7 
0 6 7 
0 19 13 7 
0 16 15 11 7 
0 14 8 7 

dest: 8
0 1 2 8 
0 4 8 
0 6 7 8 
0 19 18 12 8 
0 16 15 9 8 
0 14 8 

dest: 9
0 1 2 3 9 
0 4 5 9 
0 6 7 8 9 
0 19 13 9 
0 16 15 9 
0 14 10 9 

dest: 10
0 1 2 3 9 10 
0 4 10 
0 6 10 
0 19 18 17 11 10 
0 16 10 
0 14 10 

dest: 11
0 1 7 11 
0 4 5 11 
0 6 10 11 
0 19 18 17 11 
0 16 15 11 
0 14 13 12 11 

dest: 12
0 1 2 8 12 
0 4 5 11 12 
0 6 12 
0 19 18 12 
0 16 12 
0 14 13 12 

dest: 13
0 1 7 13 
0 4 5 9 13 
0 6 12 13 
0 19 13 
0 16 17 13 
0 14 13 

dest: 14
0 1 2 8 14 
0 4 10 14 
0 6 12 13 14 
0 19 18 14 
0 16 15 14 
0 14 

dest: 15
0 1 15 
0 4 5 11 15 
0 6 7 8 9 15 
0 19 15 
0 16 15 
0 14 15 

dest: 16
0 1 2 16 
0 4 10 16 
0 6 12 16 
0 19 18 17 16 
0 16 
0 14 15 16 

dest: 17
0 1 17 
0 4 3 17 
0 6 10 11 17 
0 19 18 17 
0 16 17 
0 14 13 17 

dest: 18
0 1 2 18 
0 4 18 
0 6 12 18 
0 19 18 
0 16 17 18 
0 14 18 

dest: 19
0 1 2 3 19 
0 4 5 19 
0 6 12 13 19 
0 19 
0 16 17 18 19 
0 14 15 19 

