CR(25, 4, 9)

dest: 0
0 
0 
0 
0 
0 
0 

dest: 1
0 1 
0 4 3 2 1 
0 9 5 1 
0 24 23 22 1 
0 21 17 1 
0 16 12 11 10 1 

dest: 2
0 1 2 
0 4 3 2 
0 9 8 7 6 2 
0 24 23 2 
0 21 20 19 18 2 
0 16 12 11 2 

dest: 3
0 1 2 3 
0 4 3 
0 9 8 7 3 
0 24 3 
0 21 20 19 3 
0 16 12 3 

dest: 4
0 1 2 3 4 
0 4 
0 9 5 4 
0 24 8 4 
0 21 20 4 
0 16 15 14 13 4 

dest: 5
0 1 5 
0 4 5 
0 9 5 
0 24 23 22 6 5 
0 21 5 
0 16 15 14 5 

dest: 6
0 1 2 6 
0 4 5 6 
0 9 8 7 6 
0 24 23 22 6 
0 21 20 19 10 6 
0 16 15 6 

dest: 7
0 1 2 3 7 
0 4 5 6 7 
0 9 8 7 
0 24 23 7 
0 21 20 11 7 
0 16 7 

dest: 8
0 1 2 3 7 8 
0 4 8 
0 9 8 
0 24 8 
0 21 17 8 
0 16 12 8 

dest: 9
0 1 2 3 7 8 9 
0 4 5 9 
0 9 
0 24 23 22 13 9 
0 21 20 19 18 9 
0 16 12 11 10 9 

dest: 10
0 1 10 
0 4 5 6 10 
0 9 10 
0 24 23 14 10 
0 21 20 19 10 
0 16 12 11 10 

dest: 11
0 1 2 11 
0 4 5 6 7 11 
0 9 10 11 
0 24 15 11 
0 21 20 11 
0 16 12 11 

dest: 12
0 1 2 3 12 
0 4 8 12 
0 9 10 11 12 
0 24 23 22 13 12 
0 21 12 
0 16 12 

dest: 13
0 1 2 3 12 13 
0 4 13 
0 9 13 
0 24 23 22 13 
0 21 17 13 
0 16 15 14 13 

dest: 14
0 1 10 14 
0 4 5 14 
0 9 13 14 
0 24 23 14 
0 21 20 19 18 14 
0 16 15 14 

dest: 15
0 1 2 11 15 
0 4 5 6 15 
0 9 13 14 15 
0 24 15 
0 21 20 19 15 
0 16 15 

dest: 16
0 1 2 3 12 16 
0 4 5 6 7 16 
0 9 13 14 15 16 
0 24 23 22 18 17 16 
0 21 20 16 
0 16 

dest: 17
0 1 17 
0 4 8 17 
0 9 13 17 
0 24 23 22 18 17 
0 21 17 
0 16 17 

dest: 18
0 1 2 18 
0 4 5 14 18 
0 9 18 
0 24 23 22 18 
0 21 20 19 18 
0 16 17 18 

dest: 19
0 1 2 3 19 
0 4 5 6 15 19 
0 9 10 19 
0 24 23 19 
0 21 20 19 
0 16 17 18 19 

dest: 20
0 1 2 3 19 20 
0 4 20 
0 9 10 11 20 
0 24 20 
0 21 20 
0 16 20 

dest: 21
0 1 17 21 
0 4 5 21 
0 9 10 11 12 21 
0 24 23 22 21 
0 21 
0 16 20 21 

dest: 22
0 1 22 
0 4 5 6 22 
0 9 13 22 
0 24 23 22 
0 21 22 
0 16 17 18 22 

dest: 23
0 1 2 23 
0 4 5 6 7 23 
0 9 13 14 23 
0 24 23 
0 21 22 23 
0 16 17 18 19 23 

dest: 24
0 1 2 3 24 
0 4 8 24 
0 9 13 14 15 24 
0 24 
0 21 22 23 24 
0 16 20 24 

