CR(22, 6, 7)

1. sppaning tree check
 t0 - OK
 t1 - OK
 t2 - OK
trees are spanning tree

2. independent check
 path 0 - 1
  t0: 0 1
  t1: 0 6 5 4 3 2 1
  t2: 0 7 1
  t3: 0 21 20 19 18 17 1
  t4: 0 16 1
  t5: 0 15 8 1
 - OK

 path 0 - 2
  t0: 0 1 2
  t1: 0 6 5 4 3 2
  t2: 0 7 8 2
  t3: 0 21 20 19 18 2
  t4: 0 16 17 2
  t5: 0 15 9 2
 - OK

 path 0 - 3
  t0: 0 1 2 3
  t1: 0 6 5 4 3
  t2: 0 7 8 9 3
  t3: 0 21 20 19 3
  t4: 0 16 17 18 3
  t5: 0 15 14 13 12 11 10 3
 - OK

 path 0 - 4
  t0: 0 1 2 3 4
  t1: 0 6 5 4
  t2: 0 7 8 9 10 4
  t3: 0 21 20 4
  t4: 0 16 17 18 19 4
  t5: 0 15 14 13 12 11 4
 - OK

 path 0 - 5
  t0: 0 1 2 3 4 5
  t1: 0 6 5
  t2: 0 7 8 9 10 11 5
  t3: 0 21 5
  t4: 0 16 17 18 19 20 5
  t5: 0 15 14 13 12 5
 - OK

 path 0 - 6
  t0: 0 1 2 3 4 5 6
  t1: 0 6
  t2: 0 7 6
  t3: 0 21 6
  t4: 0 16 17 18 12 6
  t5: 0 15 14 13 6
 - OK

 path 0 - 7
  t0: 0 1 7
  t1: 0 6 7
  t2: 0 7
  t3: 0 21 14 7
  t4: 0 16 17 18 19 13 7
  t5: 0 15 8 7
 - OK

 path 0 - 8
  t0: 0 1 8
  t1: 0 6 5 4 3 2 8
  t2: 0 7 8
  t3: 0 21 14 8
  t4: 0 16 9 8
  t5: 0 15 8
 - OK

 path 0 - 9
  t0: 0 1 2 9
  t1: 0 6 5 4 3 9
  t2: 0 7 8 9
  t3: 0 21 20 19 18 17 10 9
  t4: 0 16 9
  t5: 0 15 9
 - OK

 path 0 - 10
  t0: 0 1 2 3 10
  t1: 0 6 5 4 10
  t2: 0 7 8 9 10
  t3: 0 21 20 19 18 17 10
  t4: 0 16 10
  t5: 0 15 14 13 12 11 10
 - OK

 path 0 - 11
  t0: 0 1 2 3 4 11
  t1: 0 6 5 11
  t2: 0 7 8 9 10 11
  t3: 0 21 20 19 18 11
  t4: 0 16 17 11
  t5: 0 15 14 13 12 11
 - OK

 path 0 - 12
  t0: 0 1 2 3 4 5 12
  t1: 0 6 12
  t2: 0 7 8 9 10 11 12
  t3: 0 21 20 19 12
  t4: 0 16 17 18 12
  t5: 0 15 14 13 12
 - OK

 path 0 - 13
  t0: 0 1 2 3 4 5 12 13
  t1: 0 6 13
  t2: 0 7 13
  t3: 0 21 20 13
  t4: 0 16 17 18 19 13
  t5: 0 15 14 13
 - OK

 path 0 - 14
  t0: 0 1 8 14
  t1: 0 6 13 14
  t2: 0 7 14
  t3: 0 21 14
  t4: 0 16 17 18 19 20 14
  t5: 0 15 14
 - OK

 path 0 - 15
  t0: 0 1 8 15
  t1: 0 6 5 4 3 9 15
  t2: 0 7 14 15
  t3: 0 21 15
  t4: 0 16 15
  t5: 0 15
 - OK

 path 0 - 16
  t0: 0 1 16
  t1: 0 6 5 4 10 16
  t2: 0 7 8 9 16
  t3: 0 21 20 19 18 17 16
  t4: 0 16
  t5: 0 15 16
 - OK

 path 0 - 17
  t0: 0 1 17
  t1: 0 6 5 4 3 2 17
  t2: 0 7 8 9 10 17
  t3: 0 21 20 19 18 17
  t4: 0 16 17
  t5: 0 15 14 13 12 11 17
 - OK

 path 0 - 18
  t0: 0 1 2 18
  t1: 0 6 5 4 3 18
  t2: 0 7 8 9 10 11 18
  t3: 0 21 20 19 18
  t4: 0 16 17 18
  t5: 0 15 14 13 12 18
 - OK

 path 0 - 19
  t0: 0 1 2 3 19
  t1: 0 6 5 4 19
  t2: 0 7 8 9 10 11 12 19
  t3: 0 21 20 19
  t4: 0 16 17 18 19
  t5: 0 15 14 13 19
 - OK

 path 0 - 20
  t0: 0 1 2 3 4 20
  t1: 0 6 5 20
  t2: 0 7 13 20
  t3: 0 21 20
  t4: 0 16 17 18 19 20
  t5: 0 15 14 20
 - OK

 path 0 - 21
  t0: 0 1 2 3 4 5 21
  t1: 0 6 21
  t2: 0 7 14 21
  t3: 0 21
  t4: 0 16 17 18 19 20 21
  t5: 0 15 21
 - OK

trees are independent

CR(22, 6, 7) is successed
