CR(28, 4, 13)

1. sppaning tree check
 t0 - OK
 t1 - OK
 t2 - OK
trees are spanning tree

2. independent check
 path 0 - 1
  t0: 0 1
  t1: 0 4 3 2 1
  t2: 0 13 9 5 1
  t3: 0 27 26 25 1
  t4: 0 24 20 16 1
  t5: 0 15 14 1
 - OK

 path 0 - 2
  t0: 0 1 2
  t1: 0 4 3 2
  t2: 0 13 9 8 7 6 2
  t3: 0 27 26 2
  t4: 0 24 23 22 18 17 2
  t5: 0 15 2
 - OK

 path 0 - 3
  t0: 0 1 2 3
  t1: 0 4 3
  t2: 0 13 9 8 7 3
  t3: 0 27 3
  t4: 0 24 23 22 18 3
  t5: 0 15 16 3
 - OK

 path 0 - 4
  t0: 0 1 2 3 4
  t1: 0 4
  t2: 0 13 9 5 4
  t3: 0 27 12 8 4
  t4: 0 24 23 19 4
  t5: 0 15 16 17 4
 - OK

 path 0 - 5
  t0: 0 1 5
  t1: 0 4 5
  t2: 0 13 9 5
  t3: 0 27 26 25 10 6 5
  t4: 0 24 20 5
  t5: 0 15 16 17 18 5
 - OK

 path 0 - 6
  t0: 0 1 2 6
  t1: 0 4 5 6
  t2: 0 13 9 8 7 6
  t3: 0 27 26 25 10 6
  t4: 0 24 23 22 21 6
  t5: 0 15 19 6
 - OK

 path 0 - 7
  t0: 0 1 2 3 7
  t1: 0 4 5 6 7
  t2: 0 13 9 8 7
  t3: 0 27 26 11 7
  t4: 0 24 23 22 7
  t5: 0 15 19 20 7
 - OK

 path 0 - 8
  t0: 0 1 2 3 7 8
  t1: 0 4 8
  t2: 0 13 9 8
  t3: 0 27 12 8
  t4: 0 24 23 8
  t5: 0 15 19 20 21 8
 - OK

 path 0 - 9
  t0: 0 1 2 3 7 8 9
  t1: 0 4 5 9
  t2: 0 13 9
  t3: 0 27 26 25 10 9
  t4: 0 24 9
  t5: 0 15 19 20 21 22 9
 - OK

 path 0 - 10
  t0: 0 1 2 3 7 8 9 10
  t1: 0 4 5 6 10
  t2: 0 13 12 11 10
  t3: 0 27 26 25 10
  t4: 0 24 23 10
  t5: 0 15 14 10
 - OK

 path 0 - 11
  t0: 0 1 2 3 7 11
  t1: 0 4 5 6 10 11
  t2: 0 13 12 11
  t3: 0 27 26 11
  t4: 0 24 11
  t5: 0 15 11
 - OK

 path 0 - 12
  t0: 0 1 2 3 7 11 12
  t1: 0 4 8 12
  t2: 0 13 12
  t3: 0 27 12
  t4: 0 24 25 12
  t5: 0 15 16 12
 - OK

 path 0 - 13
  t0: 0 1 2 3 7 11 12 13
  t1: 0 4 5 9 13
  t2: 0 13
  t3: 0 27 26 13
  t4: 0 24 23 22 18 17 13
  t5: 0 15 14 13
 - OK

 path 0 - 14
  t0: 0 1 14
  t1: 0 4 5 6 10 14
  t2: 0 13 14
  t3: 0 27 14
  t4: 0 24 23 22 18 14
  t5: 0 15 14
 - OK

 path 0 - 15
  t0: 0 1 2 15
  t1: 0 4 5 6 10 11 15
  t2: 0 13 14 15
  t3: 0 27 26 25 21 17 16 15
  t4: 0 24 23 19 15
  t5: 0 15
 - OK

 path 0 - 16
  t0: 0 1 16
  t1: 0 4 3 16
  t2: 0 13 12 16
  t3: 0 27 26 25 21 17 16
  t4: 0 24 20 16
  t5: 0 15 16
 - OK

 path 0 - 17
  t0: 0 1 2 17
  t1: 0 4 17
  t2: 0 13 17
  t3: 0 27 26 25 21 17
  t4: 0 24 23 22 18 17
  t5: 0 15 16 17
 - OK

 path 0 - 18
  t0: 0 1 2 3 18
  t1: 0 4 5 18
  t2: 0 13 14 18
  t3: 0 27 26 25 21 20 19 18
  t4: 0 24 23 22 18
  t5: 0 15 16 17 18
 - OK

 path 0 - 19
  t0: 0 1 2 3 18 19
  t1: 0 4 19
  t2: 0 13 9 8 7 6 19
  t3: 0 27 26 25 21 20 19
  t4: 0 24 23 19
  t5: 0 15 19
 - OK

 path 0 - 20
  t0: 0 1 16 20
  t1: 0 4 5 20
  t2: 0 13 9 8 7 20
  t3: 0 27 26 25 21 20
  t4: 0 24 20
  t5: 0 15 19 20
 - OK

 path 0 - 21
  t0: 0 1 2 17 21
  t1: 0 4 5 6 21
  t2: 0 13 9 8 21
  t3: 0 27 26 25 21
  t4: 0 24 23 22 21
  t5: 0 15 19 20 21
 - OK

 path 0 - 22
  t0: 0 1 2 3 18 22
  t1: 0 4 5 6 7 22
  t2: 0 13 9 22
  t3: 0 27 26 22
  t4: 0 24 23 22
  t5: 0 15 19 20 21 22
 - OK

 path 0 - 23
  t0: 0 1 2 3 18 22 23
  t1: 0 4 8 23
  t2: 0 13 12 11 10 23
  t3: 0 27 23
  t4: 0 24 23
  t5: 0 15 19 23
 - OK

 path 0 - 24
  t0: 0 1 16 20 24
  t1: 0 4 5 9 24
  t2: 0 13 12 11 24
  t3: 0 27 26 25 24
  t4: 0 24
  t5: 0 15 19 23 24
 - OK

 path 0 - 25
  t0: 0 1 25
  t1: 0 4 5 6 10 25
  t2: 0 13 12 25
  t3: 0 27 26 25
  t4: 0 24 25
  t5: 0 15 19 20 21 25
 - OK

 path 0 - 26
  t0: 0 1 2 26
  t1: 0 4 5 6 10 11 26
  t2: 0 13 26
  t3: 0 27 26
  t4: 0 24 25 26
  t5: 0 15 19 20 21 22 26
 - OK

 path 0 - 27
  t0: 0 1 2 3 27
  t1: 0 4 8 12 27
  t2: 0 13 14 27
  t3: 0 27
  t4: 0 24 25 26 27
  t5: 0 15 19 23 27
 - OK

trees are independent

CR(28, 4, 13) is successed
