CR(29, 7, 9)

1. sppaning tree check
 t0 - OK
 t1 - OK
 t2 - OK
trees are spanning tree

2. independent check
 path 0 - 1
  t0: 0 1
  t1: 0 7 6 5 4 3 2 1
  t2: 0 9 8 1
  t3: 0 28 27 26 25 24 23 1
  t4: 0 22 21 1
  t5: 0 20 11 10 1
 - OK

 path 0 - 2
  t0: 0 1 2
  t1: 0 7 6 5 4 3 2
  t2: 0 9 2
  t3: 0 28 27 26 25 24 2
  t4: 0 22 2
  t5: 0 20 11 2
 - OK

 path 0 - 3
  t0: 0 1 2 3
  t1: 0 7 6 5 4 3
  t2: 0 9 10 3
  t3: 0 28 27 26 25 3
  t4: 0 22 23 3
  t5: 0 20 13 12 3
 - OK

 path 0 - 4
  t0: 0 1 2 3 4
  t1: 0 7 6 5 4
  t2: 0 9 10 11 4
  t3: 0 28 27 26 4
  t4: 0 22 23 24 4
  t5: 0 20 13 4
 - OK

 path 0 - 5
  t0: 0 1 2 3 4 5
  t1: 0 7 6 5
  t2: 0 9 10 11 12 5
  t3: 0 28 27 5
  t4: 0 22 23 24 25 5
  t5: 0 20 19 18 17 16 15 14 5
 - OK

 path 0 - 6
  t0: 0 1 2 3 4 5 6
  t1: 0 7 6
  t2: 0 9 10 11 12 13 6
  t3: 0 28 6
  t4: 0 22 23 24 25 26 6
  t5: 0 20 19 18 17 16 15 6
 - OK

 path 0 - 7
  t0: 0 1 2 3 4 5 6 7
  t1: 0 7
  t2: 0 9 8 7
  t3: 0 28 27 7
  t4: 0 22 21 14 7
  t5: 0 20 19 18 17 16 7
 - OK

 path 0 - 8
  t0: 0 1 8
  t1: 0 7 8
  t2: 0 9 8
  t3: 0 28 8
  t4: 0 22 15 8
  t5: 0 20 19 18 17 8
 - OK

 path 0 - 9
  t0: 0 1 2 9
  t1: 0 7 8 9
  t2: 0 9
  t3: 0 28 27 18 9
  t4: 0 22 23 16 9
  t5: 0 20 11 10 9
 - OK

 path 0 - 10
  t0: 0 1 10
  t1: 0 7 6 5 4 3 10
  t2: 0 9 10
  t3: 0 28 19 10
  t4: 0 22 23 24 17 10
  t5: 0 20 11 10
 - OK

 path 0 - 11
  t0: 0 1 2 11
  t1: 0 7 6 5 4 11
  t2: 0 9 10 11
  t3: 0 28 27 18 11
  t4: 0 22 21 12 11
  t5: 0 20 11
 - OK

 path 0 - 12
  t0: 0 1 2 3 12
  t1: 0 7 6 5 12
  t2: 0 9 10 11 12
  t3: 0 28 19 12
  t4: 0 22 21 12
  t5: 0 20 13 12
 - OK

 path 0 - 13
  t0: 0 1 2 3 4 13
  t1: 0 7 6 13
  t2: 0 9 10 11 12 13
  t3: 0 28 27 26 25 24 23 14 13
  t4: 0 22 13
  t5: 0 20 13
 - OK

 path 0 - 14
  t0: 0 1 2 3 4 5 14
  t1: 0 7 14
  t2: 0 9 10 11 12 13 14
  t3: 0 28 27 26 25 24 23 14
  t4: 0 22 21 14
  t5: 0 20 19 18 17 16 15 14
 - OK

 path 0 - 15
  t0: 0 1 2 3 4 5 6 15
  t1: 0 7 8 15
  t2: 0 9 10 11 12 13 14 15
  t3: 0 28 27 26 25 24 15
  t4: 0 22 15
  t5: 0 20 19 18 17 16 15
 - OK

 path 0 - 16
  t0: 0 1 2 3 4 5 6 15 16
  t1: 0 7 16
  t2: 0 9 16
  t3: 0 28 27 26 25 16
  t4: 0 22 23 16
  t5: 0 20 19 18 17 16
 - OK

 path 0 - 17
  t0: 0 1 10 17
  t1: 0 7 8 17
  t2: 0 9 16 17
  t3: 0 28 27 26 17
  t4: 0 22 23 24 17
  t5: 0 20 19 18 17
 - OK

 path 0 - 18
  t0: 0 1 2 11 18
  t1: 0 7 8 17 18
  t2: 0 9 18
  t3: 0 28 27 18
  t4: 0 22 23 24 25 18
  t5: 0 20 19 18
 - OK

 path 0 - 19
  t0: 0 1 10 19
  t1: 0 7 6 5 12 19
  t2: 0 9 18 19
  t3: 0 28 19
  t4: 0 22 23 24 25 26 19
  t5: 0 20 19
 - OK

 path 0 - 20
  t0: 0 1 2 11 20
  t1: 0 7 6 13 20
  t2: 0 9 18 19 20
  t3: 0 28 27 20
  t4: 0 22 21 20
  t5: 0 20
 - OK

 path 0 - 21
  t0: 0 1 21
  t1: 0 7 14 21
  t2: 0 9 10 11 12 21
  t3: 0 28 21
  t4: 0 22 21
  t5: 0 20 21
 - OK

 path 0 - 22
  t0: 0 1 2 22
  t1: 0 7 8 15 22
  t2: 0 9 10 11 12 13 22
  t3: 0 28 27 26 25 24 23 22
  t4: 0 22
  t5: 0 20 21 22
 - OK

 path 0 - 23
  t0: 0 1 23
  t1: 0 7 6 5 4 3 23
  t2: 0 9 10 11 12 13 14 23
  t3: 0 28 27 26 25 24 23
  t4: 0 22 23
  t5: 0 20 19 18 17 16 23
 - OK

 path 0 - 24
  t0: 0 1 2 24
  t1: 0 7 6 5 4 24
  t2: 0 9 10 11 12 13 14 15 24
  t3: 0 28 27 26 25 24
  t4: 0 22 23 24
  t5: 0 20 19 18 17 24
 - OK

 path 0 - 25
  t0: 0 1 2 3 25
  t1: 0 7 6 5 25
  t2: 0 9 16 25
  t3: 0 28 27 26 25
  t4: 0 22 23 24 25
  t5: 0 20 19 18 25
 - OK

 path 0 - 26
  t0: 0 1 2 3 4 26
  t1: 0 7 6 26
  t2: 0 9 16 17 26
  t3: 0 28 27 26
  t4: 0 22 23 24 25 26
  t5: 0 20 19 26
 - OK

 path 0 - 27
  t0: 0 1 2 3 4 5 27
  t1: 0 7 27
  t2: 0 9 18 27
  t3: 0 28 27
  t4: 0 22 23 24 25 26 27
  t5: 0 20 27
 - OK

 path 0 - 28
  t0: 0 1 2 3 4 5 6 28
  t1: 0 7 8 28
  t2: 0 9 18 19 28
  t3: 0 28
  t4: 0 22 23 24 25 26 27 28
  t5: 0 20 21 28
 - OK

trees are independent

CR(29, 7, 9) is successed
