CR(32, 5, 10)

1. sppaning tree check
 t0 - OK
 t1 - OK
 t2 - OK
trees are spanning tree

2. independent check
 path 0 - 1
  t0: 0 1
  t1: 0 5 4 3 2 1
  t2: 0 10 9 8 7 6 1
  t3: 0 31 30 29 28 1
  t4: 0 27 26 25 24 23 1
  t5: 0 22 12 11 1
 - OK

 path 0 - 2
  t0: 0 1 2
  t1: 0 5 4 3 2
  t2: 0 10 9 8 7 2
  t3: 0 31 30 29 2
  t4: 0 27 26 25 24 2
  t5: 0 22 12 2
 - OK

 path 0 - 3
  t0: 0 1 2 3
  t1: 0 5 4 3
  t2: 0 10 9 8 3
  t3: 0 31 30 3
  t4: 0 27 26 25 3
  t5: 0 22 17 16 15 14 13 3
 - OK

 path 0 - 4
  t0: 0 1 2 3 4
  t1: 0 5 4
  t2: 0 10 9 4
  t3: 0 31 4
  t4: 0 27 26 4
  t5: 0 22 17 16 15 14 4
 - OK

 path 0 - 5
  t0: 0 1 2 3 4 5
  t1: 0 5
  t2: 0 10 5
  t3: 0 31 30 29 28 6 5
  t4: 0 27 5
  t5: 0 22 17 16 15 5
 - OK

 path 0 - 6
  t0: 0 1 6
  t1: 0 5 6
  t2: 0 10 9 8 7 6
  t3: 0 31 30 29 28 6
  t4: 0 27 26 16 6
  t5: 0 22 12 11 6
 - OK

 path 0 - 7
  t0: 0 1 2 7
  t1: 0 5 6 7
  t2: 0 10 9 8 7
  t3: 0 31 30 29 7
  t4: 0 27 17 7
  t5: 0 22 12 7
 - OK

 path 0 - 8
  t0: 0 1 2 3 8
  t1: 0 5 6 7 8
  t2: 0 10 9 8
  t3: 0 31 30 8
  t4: 0 27 26 25 24 23 13 8
  t5: 0 22 21 20 19 18 8
 - OK

 path 0 - 9
  t0: 0 1 2 3 4 9
  t1: 0 5 6 7 8 9
  t2: 0 10 9
  t3: 0 31 9
  t4: 0 27 26 25 24 14 9
  t5: 0 22 21 20 19 9
 - OK

 path 0 - 10
  t0: 0 1 2 3 4 9 10
  t1: 0 5 10
  t2: 0 10
  t3: 0 31 30 20 10
  t4: 0 27 26 25 15 10
  t5: 0 22 12 11 10
 - OK

 path 0 - 11
  t0: 0 1 11
  t1: 0 5 6 11
  t2: 0 10 11
  t3: 0 31 21 11
  t4: 0 27 26 16 11
  t5: 0 22 12 11
 - OK

 path 0 - 12
  t0: 0 1 2 12
  t1: 0 5 6 7 12
  t2: 0 10 11 12
  t3: 0 31 30 29 28 18 13 12
  t4: 0 27 17 12
  t5: 0 22 12
 - OK

 path 0 - 13
  t0: 0 1 2 3 13
  t1: 0 5 6 7 8 13
  t2: 0 10 11 12 13
  t3: 0 31 30 29 28 18 13
  t4: 0 27 26 25 24 23 13
  t5: 0 22 17 16 15 14 13
 - OK

 path 0 - 14
  t0: 0 1 2 3 4 14
  t1: 0 5 6 7 8 9 14
  t2: 0 10 11 12 13 14
  t3: 0 31 30 29 19 14
  t4: 0 27 26 25 24 14
  t5: 0 22 17 16 15 14
 - OK

 path 0 - 15
  t0: 0 1 2 3 4 14 15
  t1: 0 5 15
  t2: 0 10 15
  t3: 0 31 30 20 15
  t4: 0 27 26 25 15
  t5: 0 22 17 16 15
 - OK

 path 0 - 16
  t0: 0 1 11 16
  t1: 0 5 6 16
  t2: 0 10 15 16
  t3: 0 31 21 16
  t4: 0 27 26 16
  t5: 0 22 17 16
 - OK

 path 0 - 17
  t0: 0 1 2 12 17
  t1: 0 5 6 7 17
  t2: 0 10 15 16 17
  t3: 0 31 30 29 28 18 17
  t4: 0 27 17
  t5: 0 22 17
 - OK

 path 0 - 18
  t0: 0 1 2 3 13 18
  t1: 0 5 6 7 8 18
  t2: 0 10 15 16 17 18
  t3: 0 31 30 29 28 18
  t4: 0 27 26 25 24 23 18
  t5: 0 22 21 20 19 18
 - OK

 path 0 - 19
  t0: 0 1 2 3 4 14 19
  t1: 0 5 6 7 8 9 19
  t2: 0 10 15 16 17 18 19
  t3: 0 31 30 29 19
  t4: 0 27 26 25 24 19
  t5: 0 22 21 20 19
 - OK

 path 0 - 20
  t0: 0 1 2 3 4 14 19 20
  t1: 0 5 15 20
  t2: 0 10 20
  t3: 0 31 30 20
  t4: 0 27 26 25 20
  t5: 0 22 21 20
 - OK

 path 0 - 21
  t0: 0 1 11 21
  t1: 0 5 6 16 21
  t2: 0 10 20 21
  t3: 0 31 21
  t4: 0 27 26 21
  t5: 0 22 21
 - OK

 path 0 - 22
  t0: 0 1 2 12 22
  t1: 0 5 6 7 17 22
  t2: 0 10 20 21 22
  t3: 0 31 30 29 28 23 22
  t4: 0 27 22
  t5: 0 22
 - OK

 path 0 - 23
  t0: 0 1 23
  t1: 0 5 6 7 8 18 23
  t2: 0 10 11 12 13 23
  t3: 0 31 30 29 28 23
  t4: 0 27 26 25 24 23
  t5: 0 22 23
 - OK

 path 0 - 24
  t0: 0 1 2 24
  t1: 0 5 6 7 8 9 19 24
  t2: 0 10 11 12 13 14 24
  t3: 0 31 30 29 24
  t4: 0 27 26 25 24
  t5: 0 22 23 24
 - OK

 path 0 - 25
  t0: 0 1 2 3 25
  t1: 0 5 15 25
  t2: 0 10 20 25
  t3: 0 31 30 25
  t4: 0 27 26 25
  t5: 0 22 23 24 25
 - OK

 path 0 - 26
  t0: 0 1 2 3 4 26
  t1: 0 5 6 16 26
  t2: 0 10 20 21 26
  t3: 0 31 26
  t4: 0 27 26
  t5: 0 22 23 24 25 26
 - OK

 path 0 - 27
  t0: 0 1 2 3 4 26 27
  t1: 0 5 27
  t2: 0 10 15 16 17 27
  t3: 0 31 30 29 28 27
  t4: 0 27
  t5: 0 22 27
 - OK

 path 0 - 28
  t0: 0 1 28
  t1: 0 5 6 28
  t2: 0 10 15 16 17 18 28
  t3: 0 31 30 29 28
  t4: 0 27 28
  t5: 0 22 23 28
 - OK

 path 0 - 29
  t0: 0 1 2 29
  t1: 0 5 6 7 29
  t2: 0 10 15 16 17 18 19 29
  t3: 0 31 30 29
  t4: 0 27 28 29
  t5: 0 22 23 24 29
 - OK

 path 0 - 30
  t0: 0 1 2 3 30
  t1: 0 5 6 7 8 30
  t2: 0 10 20 30
  t3: 0 31 30
  t4: 0 27 28 29 30
  t5: 0 22 23 24 25 30
 - OK

 path 0 - 31
  t0: 0 1 2 3 4 31
  t1: 0 5 6 7 8 9 31
  t2: 0 10 20 21 31
  t3: 0 31
  t4: 0 27 28 29 30 31
  t5: 0 22 23 24 25 26 31
 - OK

trees are independent

CR(32, 5, 10) is successed
